603
417
597.749
412.099
596.048
407.295
597.526
402.587
601.808
397.976
608.523
393.461
617.299
389.042
627.764
384.717
639.544
380.488
652.268
376.353
665.563
372.312
679.056
368.366
692.376
364.512
705.15
360.751
717.006
357.083
727.57
353.508
736.472
350.024
743.338
346.632
747.796
343.331
749.475
340.12
748
337
743.518
333.781
736.586
330.315
727.453
326.661
716.368
322.88
703.578
319.031
689.332
315.175
673.878
311.371
657.464
307.68
640.339
304.161
622.75
300.875
604.946
297.881
587.176
295.24
569.687
293.011
552.728
291.255
536.547
290.031
521.392
289.4
507.512
289.421
495.154
290.155
484.567
291.661
476
294
468.902
297.404
462.545
301.984
456.905
307.62
451.96
314.192
447.688
321.578
444.065
329.658
441.07
338.311
438.68
347.416
436.872
356.853
435.625
366.5
434.915
376.237
434.72
385.944
435.018
395.499
435.785
404.782
437
413.672
438.64
422.048
440.682
429.79
443.105
436.776
445.885
442.886
449
448
452.7
452.348
457.208
456.255
462.465
459.745
468.408
462.84
474.977
465.562
482.109
467.935
489.746
469.98
497.824
471.72
506.283
473.177
515.062
474.375
524.1
475.335
533.336
476.08
542.708
476.633
552.156
477.015
561.617
477.25
571.032
477.36
580.339
477.368
589.477
477.295
598.384
477.165
607
477
615.852
476.936
625.428
477.054
635.61
477.293
646.28
477.592
657.32
477.891
668.612
478.128
680.038
478.243
691.48
478.176
702.819
477.865
713.938
477.25
724.717
476.27
735.04
474.864
744.788
472.972
753.843
470.532
762.086
467.484
769.4
463.768
775.667
459.322
780.768
454.086
784.585
447.999
787
441
788.008
432.682
787.747
422.796
786.309
411.517
783.792
399.024
780.289
385.492
775.896
371.098
770.706
356.02
764.816
340.432
758.32
324.512
751.312
308.438
743.889
292.384
736.144
276.528
728.173
261.047
720.069
246.116
711.93
231.914
703.848
218.616
695.919
206.399
688.239
195.439
680.9
185.914
674
178
667.071
171.522
659.632
166.132
651.754
161.747
643.512
158.28
634.977
155.648
626.221
153.768
617.316
152.553
608.336
151.92
599.352
151.785
590.438
152.062
581.664
152.669
573.104
153.52
564.83
154.531
556.914
155.618
549.43
156.695
542.448
157.68
536.042
158.487
530.283
159.033
525.245
159.232
